pitch_label_deg: 0.0
camera_index: 0
points_cam0 (X,Y,Z in meters)
  upper: [ 0.06108544 -0.03648914  0.509     ]
  lower: [ 0.06132547 -0.07040802  0.51100004]
  left : [ 0.0427585  -0.05436466  0.51100004]
  right: [ 0.07201389 -0.05415188  0.509     ]

[LIP METRICS]
width : 0.029255  # 左右口角X差 [m]
height: 0.033919  # 上下唇Y差 [m]
depth : 0.002000  # max(Z_left, Z_right) - min(Z_upper, Z_lower) [m]
