pitch_label_deg: -20.0
camera_index: 0
points_cam0 (X,Y,Z in meters)
  upper: [-0.02982812 -0.05074545  0.52600002]
  lower: [-0.02928972 -0.08209238  0.53200001]
  left : [-0.04005798 -0.06664249  0.53500003]
  right: [-0.00986613 -0.06564597  0.52700001]

[LIP METRICS]
width : 0.030192  # 左右口角X差 [m]
height: 0.031347  # 上下唇Y差 [m]
depth : 0.009000  # max(Z_left, Z_right) - min(Z_upper, Z_lower) [m]
