pitch_label_deg: -40.0
camera_index: 0
points_cam0 (X,Y,Z in meters)
  upper: [-0.03553602 -0.05909853  0.54700005]
  lower: [-0.03366754 -0.08335049  0.546     ]
  left : [-0.03824625 -0.0708489   0.54700005]
  right: [-0.01276137 -0.07337534  0.53900003]

[LIP METRICS]
width : 0.025485  # 左右口角X差 [m]
height: 0.024252  # 上下唇Y差 [m]
depth : 0.001000  # max(Z_left, Z_right) - min(Z_upper, Z_lower) [m]
