pitch_label_deg: 20.0
camera_index: 0
points_cam0 (X,Y,Z in meters)
  upper: [ 0.09984235 -0.04419428  0.50100005]
  lower: [ 0.10416283 -0.07616939  0.51000005]
  left : [ 0.07848532 -0.06170232  0.50200003]
  right: [ 0.11476259 -0.05915985  0.51600003]

[LIP METRICS]
width : 0.036277  # 左右口角X差 [m]
height: 0.031975  # 上下唇Y差 [m]
depth : 0.015000  # max(Z_left, Z_right) - min(Z_upper, Z_lower) [m]
