pitch_label_deg: -40.0
camera_index: 0
points_cam0 (X,Y,Z in meters)
  upper: [-0.05872294 -0.05791007  0.53600001]
  lower: [-0.05695245 -0.08093823  0.53600001]
  left : [-0.06060629 -0.07044102  0.537     ]
  right: [-0.03530694 -0.07302593  0.53000003]

[LIP METRICS]
width : 0.025299  # 左右口角X差 [m]
height: 0.023028  # 上下唇Y差 [m]
depth : 0.001000  # max(Z_left, Z_right) - min(Z_upper, Z_lower) [m]
