pitch_label_deg: -40.0
camera_index: 0
points_cam0 (X,Y,Z in meters)
  upper: [ 0.10124767 -0.06112897  0.54900002]
  lower: [ 0.10324881 -0.08214346  0.55000001]
  left : [ 0.07936823 -0.07647058  0.54200006]
  right: [ 1.20528245 -0.80334079  6.04800034]

[LIP METRICS]
width : 1.125914  # 左右口角X差 [m]
height: 0.021014  # 上下唇Y差 [m]
depth : 5.499000  # max(Z_left, Z_right) - min(Z_upper, Z_lower) [m]
