pitch_label_deg: -40.0
camera_index: 0
points_cam0 (X,Y,Z in meters)
  upper: [-0.03168559 -0.06402557  0.528     ]
  lower: [-0.03005495 -0.08879004  0.53000003]
  left : [-0.03910116 -0.07798903  0.53400004]
  right: [-0.00814079 -0.07798523  0.528     ]

[LIP METRICS]
width : 0.030960  # 左右口角X差 [m]
height: 0.024764  # 上下唇Y差 [m]
depth : 0.006000  # max(Z_left, Z_right) - min(Z_upper, Z_lower) [m]
