pitch_label_deg: 20.0
camera_index: 0
points_cam0 (X,Y,Z in meters)
  upper: [-0.00388088 -0.05855833  0.54200006]
  lower: [-0.00209058 -0.09080038  0.54200006]
  left : [-0.01387952 -0.07641159  0.54800004]
  right: [ 0.01839552 -0.07515665  0.53900003]

[LIP METRICS]
width : 0.032275  # 左右口角X差 [m]
height: 0.032242  # 上下唇Y差 [m]
depth : 0.006000  # max(Z_left, Z_right) - min(Z_upper, Z_lower) [m]
