pitch_label_deg: 0.0
camera_index: 1
points_cam0 (X,Y,Z in meters)
  upper: [ 0.04719764 -0.05053482  0.5535945 ]
  lower: [ 0.04006844 -0.08207787  0.54211691]
  left : [ 0.01322818 -0.07113139  0.54750974]
  right: [ 0.03813124 -0.06852091  0.54132762]

[LIP METRICS]
width : 0.024903  # 左右口角X差 [m]
height: 0.031543  # 上下唇Y差 [m]
depth : 0.005393  # max(Z_left, Z_right) - min(Z_upper, Z_lower) [m]
