pitch_label_deg: -20.0
camera_index: 1
points_cam0 (X,Y,Z in meters)
  upper: [ 0.05379049 -0.05554586  0.4960348 ]
  lower: [ 0.05735211 -0.075889    0.50071461]
  left : [ 0.03099925 -0.07050757  0.50703715]
  right: [ 1.07160814 -0.28685889  1.69581716]

[LIP METRICS]
width : 1.040609  # 左右口角X差 [m]
height: 0.020343  # 上下唇Y差 [m]
depth : 1.199782  # max(Z_left, Z_right) - min(Z_upper, Z_lower) [m]
