pitch_label_deg: 20.0
camera_index: 0
points_cam0 (X,Y,Z in meters)
  upper: [ 0.06040439 -0.04978145  0.52500004]
  lower: [ 0.061855   -0.08090799  0.53000003]
  left : [ 0.03967001 -0.06639058  0.52600002]
  right: [ 0.07202316 -0.06651793  0.53400004]

[LIP METRICS]
width : 0.032353  # 左右口角X差 [m]
height: 0.031127  # 上下唇Y差 [m]
depth : 0.009000  # max(Z_left, Z_right) - min(Z_upper, Z_lower) [m]
