pitch_label_deg: -20.0
camera_index: 0
points_cam0 (X,Y,Z in meters)
  upper: [-0.01160688 -0.04822944  0.52700001]
  lower: [-0.0100159  -0.07990318  0.53500003]
  left : [-0.02230248 -0.06375114  0.53300005]
  right: [ 0.00758437 -0.06339231  0.53000003]

[LIP METRICS]
width : 0.029887  # 左右口角X差 [m]
height: 0.031674  # 上下唇Y差 [m]
depth : 0.006000  # max(Z_left, Z_right) - min(Z_upper, Z_lower) [m]
