# 有音区間(1回の発音)の推定時間 [スペクトログラム(denoised)ベース]
# file: recordedSound_20251212_180935.wav
fs = 48000
hop_length = 256
frame_duration_sec = 0.005333
num_segments = 1
segment_1: start_time=0.352000s, end_time=9.941333s, duration=9.589333s
mean_duration = 9.589333s
