pitch_label_deg: -40.0
camera_index: 0
points_cam0 (X,Y,Z in meters)
  upper: [-0.02368331 -0.04525171  0.56600004]
  lower: [-0.02359962 -0.07025488  0.56400001]
  left : [-0.03065407 -0.06011866  0.574     ]
  right: [-0.00123072 -0.06028698  0.55800003]

[LIP METRICS]
width : 0.029423  # 左右口角X差 [m]
height: 0.025003  # 上下唇Y差 [m]
depth : 0.010000  # max(Z_left, Z_right) - min(Z_upper, Z_lower) [m]
