pitch_label_deg: 20.0
camera_index: 0
points_cam0 (X,Y,Z in meters)
  upper: [ 0.01458703 -0.04850399  0.53000003]
  lower: [ 0.01317544 -0.09832677  0.54400003]
  left : [-0.01382886 -0.07342604  0.546     ]
  right: [ 0.02719118 -0.0700509   0.55500001]

[LIP METRICS]
width : 0.041020  # 左右口角X差 [m]
height: 0.049823  # 上下唇Y差 [m]
depth : 0.025000  # max(Z_left, Z_right) - min(Z_upper, Z_lower) [m]
