pitch_label_deg: 0.0
camera_index: 0
points_cam0 (X,Y,Z in meters)
  upper: [ 0.03526048 -0.0476944   0.47800002]
  lower: [ 0.03857349 -0.08856639  0.49000001]
  left : [ 0.01039546 -0.07012154  0.49700001]
  right: [ 0.05988533 -0.06545637  0.49900001]

[LIP METRICS]
width : 0.049490  # 左右口角X差 [m]
height: 0.040872  # 上下唇Y差 [m]
depth : 0.021000  # max(Z_left, Z_right) - min(Z_upper, Z_lower) [m]
