pitch_label_deg: 0.0
camera_index: 0
points_cam0 (X,Y,Z in meters)
  upper: [-0.00357299 -0.04978976  0.49900001]
  lower: [-0.00194015 -0.07844859  0.50300002]
  left : [-0.0228441  -0.06553847  0.50600004]
  right: [ 0.01649852 -0.06411866  0.50800002]

[LIP METRICS]
width : 0.039343  # 左右口角X差 [m]
height: 0.028659  # 上下唇Y差 [m]
depth : 0.009000  # max(Z_left, Z_right) - min(Z_upper, Z_lower) [m]
