pitch_label_deg: 20.0
camera_index: 0
points_cam0 (X,Y,Z in meters)
  upper: [ 0.0135306  -0.04181386  0.523     ]
  lower: [ 0.01209644 -0.09422369  0.53600001]
  left : [-0.01689302 -0.06676923  0.52900004]
  right: [ 0.02589583 -0.06542566  0.54700005]

[LIP METRICS]
width : 0.042789  # 左右口角X差 [m]
height: 0.052410  # 上下唇Y差 [m]
depth : 0.024000  # max(Z_left, Z_right) - min(Z_upper, Z_lower) [m]
