pitch_label_deg: -40.0
camera_index: 0
points_cam0 (X,Y,Z in meters)
  upper: [-0.0317456  -0.05016074  0.52900004]
  lower: [-0.02326976 -0.08962768  0.53500003]
  left : [-0.03446915 -0.07425058  0.55900002]
  right: [-2.93629710e-04 -7.03985840e-02  5.30000031e-01]

[LIP METRICS]
width : 0.034176  # 左右口角X差 [m]
height: 0.039467  # 上下唇Y差 [m]
depth : 0.030000  # max(Z_left, Z_right) - min(Z_upper, Z_lower) [m]
