pitch_label_deg: 20.0
camera_index: 0
points_cam0 (X,Y,Z in meters)
  upper: [ 0.00061573 -0.05412205  0.56100005]
  lower: [ 0.00063219 -0.10030352  0.57600003]
  left : [-0.02880817 -0.07827611  0.57500005]
  right: [ 0.01516048 -0.07590029  0.58600003]

[LIP METRICS]
width : 0.043969  # 左右口角X差 [m]
height: 0.046181  # 上下唇Y差 [m]
depth : 0.025000  # max(Z_left, Z_right) - min(Z_upper, Z_lower) [m]
