pitch_label_deg: 0.0
camera_index: 0
points_cam0 (X,Y,Z in meters)
  upper: [ 0.0279785  -0.0454254   0.53500003]
  lower: [ 0.03074377 -0.07753982  0.537     ]
  left : [ 0.01125303 -0.06346018  0.53800005]
  right: [ 0.04633294 -0.06225543  0.54300004]

[LIP METRICS]
width : 0.035080  # 左右口角X差 [m]
height: 0.032114  # 上下唇Y差 [m]
depth : 0.008000  # max(Z_left, Z_right) - min(Z_upper, Z_lower) [m]
