pitch_label_deg: -20.0
camera_index: 0
points_cam0 (X,Y,Z in meters)
  upper: [-0.01874068 -0.05383262  0.55800003]
  lower: [-0.01527021 -0.09107998  0.56600004]
  left : [-0.04172623 -0.06587809  0.583     ]
  right: [ 0.0146948  -0.0651217   0.56800002]

[LIP METRICS]
width : 0.056421  # 左右口角X差 [m]
height: 0.037247  # 上下唇Y差 [m]
depth : 0.025000  # max(Z_left, Z_right) - min(Z_upper, Z_lower) [m]
