pitch_label_deg: -40.0
camera_index: 1
points_cam0 (X,Y,Z in meters)
  upper: [-0.07240439 -0.06347329  0.56469848]
  lower: [-0.06439449 -0.09644973  0.57114658]
  left : [-0.0802224  -0.08123106  0.580476  ]
  right: [-0.05288451 -0.07897659  0.56151323]

[LIP METRICS]
width : 0.027338  # 左右口角X差 [m]
height: 0.032976  # 上下唇Y差 [m]
depth : 0.015778  # max(Z_left, Z_right) - min(Z_upper, Z_lower) [m]
