pitch_label_deg: 0.0
camera_index: 0
points_cam0 (X,Y,Z in meters)
  upper: [ 0.03953005 -0.05319504  0.56100005]
  lower: [ 0.04081716 -0.08359781  0.56600004]
  left : [ 0.019317   -0.06956875  0.56600004]
  right: [ 0.05522655 -0.06911852  0.57000005]

[LIP METRICS]
width : 0.035910  # 左右口角X差 [m]
height: 0.030403  # 上下唇Y差 [m]
depth : 0.009000  # max(Z_left, Z_right) - min(Z_upper, Z_lower) [m]
