pitch_label_deg: 40.0
camera_index: 2
points_cam0 (X,Y,Z in meters)
  upper: [ 0.06802356 -0.05681651  0.54969476]
  lower: [ 0.06370051 -0.08882722  0.56248082]
  left : [ 0.04824501 -0.07333863  0.54656102]
  right: [ 0.07634235 -0.07214302  0.57263322]

[LIP METRICS]
width : 0.028097  # 左右口角X差 [m]
height: 0.032011  # 上下唇Y差 [m]
depth : 0.022938  # max(Z_left, Z_right) - min(Z_upper, Z_lower) [m]
