pitch_label_deg: 0.0
camera_index: 0
points_cam0 (X,Y,Z in meters)
  upper: [ 0.04419974 -0.06195701  0.51800001]
  lower: [ 0.04694685 -0.09227031  0.52000004]
  left : [ 0.02735095 -0.07811096  0.523     ]
  right: [ 0.06411601 -0.0769667   0.52700001]

[LIP METRICS]
width : 0.036765  # 左右口角X差 [m]
height: 0.030313  # 上下唇Y差 [m]
depth : 0.009000  # max(Z_left, Z_right) - min(Z_upper, Z_lower) [m]
