pitch_label_deg: 40.0
camera_index: 2
points_cam0 (X,Y,Z in meters)
  upper: [ 0.03558715 -0.04040057  0.54485314]
  lower: [ 0.03303664 -0.09135253  0.55344027]
  left : [ 0.00732352 -0.06592564  0.54176584]
  right: [ 0.04540242 -0.06267226  0.57068031]

[LIP METRICS]
width : 0.038079  # 左右口角X差 [m]
height: 0.050952  # 上下唇Y差 [m]
depth : 0.025827  # max(Z_left, Z_right) - min(Z_upper, Z_lower) [m]
