pitch_label_deg: -20.0
camera_index: 1
points_cam0 (X,Y,Z in meters)
  upper: [-0.04498307 -0.05108029  0.5201486 ]
  lower: [-0.03625183 -0.10416051  0.53536317]
  left : [-0.06173596 -0.0783029   0.55067389]
  right: [-0.0172244  -0.07716286  0.5348883 ]

[LIP METRICS]
width : 0.044512  # 左右口角X差 [m]
height: 0.053080  # 上下唇Y差 [m]
depth : 0.030525  # max(Z_left, Z_right) - min(Z_upper, Z_lower) [m]
