pitch_label_deg: 40.0
camera_index: 0
points_cam0 (X,Y,Z in meters)
  upper: [ 0.06146519 -0.04870659  0.54200006]
  lower: [ 0.06143989 -0.07357708  0.53400004]
  left : [ 0.0327824  -0.06303349  0.52700001]
  right: [ 0.44375214 -0.39538977  3.55100012]

[LIP METRICS]
width : 0.410970  # 左右口角X差 [m]
height: 0.024870  # 上下唇Y差 [m]
depth : 3.017000  # max(Z_left, Z_right) - min(Z_upper, Z_lower) [m]
