pitch_label_deg: 20.0
camera_index: 0
points_cam0 (X,Y,Z in meters)
  upper: [ 0.03051477 -0.03997114  0.53300005]
  lower: [ 0.03269923 -0.06994224  0.54000002]
  left : [ 0.00938787 -0.05582448  0.53300005]
  right: [ 0.04306061 -0.05548303  0.54700005]

[LIP METRICS]
width : 0.033673  # 左右口角X差 [m]
height: 0.029971  # 上下唇Y差 [m]
depth : 0.014000  # max(Z_left, Z_right) - min(Z_upper, Z_lower) [m]
