pitch_label_deg: 0.0
camera_index: 0
points_cam0 (X,Y,Z in meters)
  upper: [ 0.03473835 -0.04169498  0.54400003]
  lower: [ 0.03583334 -0.07175278  0.54700005]
  left : [ 0.0159875  -0.05920657  0.54800004]
  right: [ 0.04992617 -0.05700541  0.55300003]

[LIP METRICS]
width : 0.033939  # 左右口角X差 [m]
height: 0.030058  # 上下唇Y差 [m]
depth : 0.009000  # max(Z_left, Z_right) - min(Z_upper, Z_lower) [m]
