pitch_label_deg: 40.0
camera_index: 2
points_cam0 (X,Y,Z in meters)
  upper: [ 0.04268422 -0.05247214  0.55134448]
  lower: [ 0.03649136 -0.10226211  0.5661056 ]
  left : [ 0.01366183 -0.07740282  0.5539136 ]
  right: [ 0.04753121 -0.0739442   0.58254344]

[LIP METRICS]
width : 0.033869  # 左右口角X差 [m]
height: 0.049790  # 上下唇Y差 [m]
depth : 0.031199  # max(Z_left, Z_right) - min(Z_upper, Z_lower) [m]
