pitch_label_deg: -20.0
camera_index: 0
points_cam0 (X,Y,Z in meters)
  upper: [ 0.0283557  -0.04498819  0.51000005]
  lower: [ 0.02954151 -0.07536019  0.51600003]
  left : [ 0.01609109 -0.06071032  0.52200001]
  right: [ 0.04876141 -0.06039333  0.51200002]

[LIP METRICS]
width : 0.032670  # 左右口角X差 [m]
height: 0.030372  # 上下唇Y差 [m]
depth : 0.012000  # max(Z_left, Z_right) - min(Z_upper, Z_lower) [m]
