pitch_label_deg: 0.0
camera_index: 0
points_cam0 (X,Y,Z in meters)
  upper: [ 0.03701249 -0.04703899  0.565     ]
  lower: [ 0.03901639 -0.07812397  0.56700003]
  left : [ 0.01847965 -0.06335589  0.56900001]
  right: [ 0.05343735 -0.06263505  0.57100004]

[LIP METRICS]
width : 0.034958  # 左右口角X差 [m]
height: 0.031085  # 上下唇Y差 [m]
depth : 0.006000  # max(Z_left, Z_right) - min(Z_upper, Z_lower) [m]
