pitch_label_deg: -20.0
camera_index: 0
points_cam0 (X,Y,Z in meters)
  upper: [-0.00645731 -0.05142077  0.53300005]
  lower: [-0.00385224 -0.08390725  0.53800005]
  left : [-0.01551786 -0.06841007  0.54200006]
  right: [ 0.01378931 -0.06727411  0.53300005]

[LIP METRICS]
width : 0.029307  # 左右口角X差 [m]
height: 0.032486  # 上下唇Y差 [m]
depth : 0.009000  # max(Z_left, Z_right) - min(Z_upper, Z_lower) [m]
