pitch_label_deg: -40.0
camera_index: 0
points_cam0 (X,Y,Z in meters)
  upper: [-0.09335742 -0.11736704  0.51700002]
  lower: [-0.0880328  -0.13331696  0.52600002]
  left : [-0.09962351 -0.12045756  0.523     ]
  right: [-0.06371779 -0.11782108  0.51900005]

[LIP METRICS]
width : 0.035906  # 左右口角X差 [m]
height: 0.015950  # 上下唇Y差 [m]
depth : 0.006000  # max(Z_left, Z_right) - min(Z_upper, Z_lower) [m]
