pitch_label_deg: 40.0
camera_index: 2
points_cam0 (X,Y,Z in meters)
  upper: [ 0.12478453 -0.04892338  0.51566228]
  lower: [ 0.12336745 -0.07892263  0.52089262]
  left : [ 0.10425534 -0.06625581  0.51220482]
  right: [ 0.13558528 -0.06301869  0.53438533]

[LIP METRICS]
width : 0.031330  # 左右口角X差 [m]
height: 0.029999  # 上下唇Y差 [m]
depth : 0.018723  # max(Z_left, Z_right) - min(Z_upper, Z_lower) [m]
