pitch_label_deg: 40.0
camera_index: 1
points_cam0 (X,Y,Z in meters)
  upper: [-0.03486423 -0.05339582  0.53403161]
  lower: [-0.03326677 -0.08558968  0.53615777]
  left : [-0.04220114 -0.07057904  0.55098034]
  right: [-0.01437192 -0.07118624  0.52740812]

[LIP METRICS]
width : 0.027829  # 左右口角X差 [m]
height: 0.032194  # 上下唇Y差 [m]
depth : 0.016949  # max(Z_left, Z_right) - min(Z_upper, Z_lower) [m]
