pitch_label_deg: 20.0
camera_index: 0
points_cam0 (X,Y,Z in meters)
  upper: [ 0.06419481 -0.05645244  0.50700003]
  lower: [ 0.0671687  -0.08832077  0.51700002]
  left : [ 0.04334646 -0.07167353  0.50800002]
  right: [ 0.07715354 -0.07092495  0.52100003]

[LIP METRICS]
width : 0.033807  # 左右口角X差 [m]
height: 0.031868  # 上下唇Y差 [m]
depth : 0.014000  # max(Z_left, Z_right) - min(Z_upper, Z_lower) [m]
