pitch_label_deg: 0.0
camera_index: 0
points_cam0 (X,Y,Z in meters)
  upper: [ 0.05483043 -0.0521587   0.49800003]
  lower: [ 0.05798821 -0.08360147  0.50400001]
  left : [ 0.03551363 -0.06777789  0.50400001]
  right: [ 0.07256828 -0.06650577  0.50700003]

[LIP METRICS]
width : 0.037055  # 左右口角X差 [m]
height: 0.031443  # 上下唇Y差 [m]
depth : 0.009000  # max(Z_left, Z_right) - min(Z_upper, Z_lower) [m]
