pitch_label_deg: 0.0
camera_index: 0
points_cam0 (X,Y,Z in meters)
  upper: [ 0.05174156 -0.07297521  0.46300003]
  lower: [ 0.0538462  -0.10469662  0.46800002]
  left : [ 0.03389411 -0.08883464  0.47000003]
  right: [ 0.06989726 -0.08765277  0.47200003]

[LIP METRICS]
width : 0.036003  # 左右口角X差 [m]
height: 0.031721  # 上下唇Y差 [m]
depth : 0.009000  # max(Z_left, Z_right) - min(Z_upper, Z_lower) [m]
