pitch_label_deg: 40.0
camera_index: 0
points_cam0 (X,Y,Z in meters)
  upper: [-0.03698769 -0.06414684  0.52900004]
  lower: [-0.03423671 -0.08915827  0.52700001]
  left : [-0.03530694 -0.07652906  0.53000003]
  right: [-0.01238256 -0.07897517  0.523     ]

[LIP METRICS]
width : 0.022924  # 左右口角X差 [m]
height: 0.025011  # 上下唇Y差 [m]
depth : 0.003000  # max(Z_left, Z_right) - min(Z_upper, Z_lower) [m]
