pitch_label_deg: -20.0
camera_index: 0
points_cam0 (X,Y,Z in meters)
  upper: [ 0.06150487 -0.05867936  0.52700001]
  lower: [ 0.06521098 -0.0915666   0.53600001]
  left : [ 0.04409731 -0.07522506  0.52700001]
  right: [ 0.07378704 -0.07445947  0.53400004]

[LIP METRICS]
width : 0.029690  # 左右口角X差 [m]
height: 0.032887  # 上下唇Y差 [m]
depth : 0.007000  # max(Z_left, Z_right) - min(Z_upper, Z_lower) [m]
