pitch_label_deg: 20.0
camera_index: 0
points_cam0 (X,Y,Z in meters)
  upper: [ 0.10564129 -0.06913351  0.57800001]
  lower: [ 0.10788686 -0.10090409  0.58500004]
  left : [ 0.08258756 -0.08617595  0.57700002]
  right: [ 0.12033802 -0.08577032  0.59400004]

[LIP METRICS]
width : 0.037750  # 左右口角X差 [m]
height: 0.031771  # 上下唇Y差 [m]
depth : 0.016000  # max(Z_left, Z_right) - min(Z_upper, Z_lower) [m]
