pitch_label_deg: -20.0
camera_index: 0
points_cam0 (X,Y,Z in meters)
  upper: [ 0.0323964  -0.06669331  0.55000001]
  lower: [ 0.03257311 -0.09721214  0.55300003]
  left : [ 0.02000133 -0.08164021  0.55900002]
  right: [ 0.053095   -0.08275028  0.54800004]

[LIP METRICS]
width : 0.033094  # 左右口角X差 [m]
height: 0.030519  # 上下唇Y差 [m]
depth : 0.009000  # max(Z_left, Z_right) - min(Z_upper, Z_lower) [m]
