pitch_label_deg: 20.0
camera_index: 0
points_cam0 (X,Y,Z in meters)
  upper: [ 0.06352604 -0.04933082  0.47100002]
  lower: [ 0.06673996 -0.08171432  0.48300001]
  left : [ 0.03966248 -0.06374349  0.47400004]
  right: [ 0.07742947 -0.0628185   0.48500001]

[LIP METRICS]
width : 0.037767  # 左右口角X差 [m]
height: 0.032383  # 上下唇Y差 [m]
depth : 0.014000  # max(Z_left, Z_right) - min(Z_upper, Z_lower) [m]
