pitch_label_deg: -20.0
camera_index: 0
points_cam0 (X,Y,Z in meters)
  upper: [ 0.00335117 -0.05202954  0.43500003]
  lower: [ 0.00337428 -0.08351008  0.43800002]
  left : [-0.00904556 -0.06777953  0.44400004]
  right: [ 0.02413014 -0.06768725  0.43400002]

[LIP METRICS]
width : 0.033176  # 左右口角X差 [m]
height: 0.031481  # 上下唇Y差 [m]
depth : 0.009000  # max(Z_left, Z_right) - min(Z_upper, Z_lower) [m]
