pitch_label_deg: -20.0
camera_index: 0
points_cam0 (X,Y,Z in meters)
  upper: [ 0.02689    -0.07169173  0.56800002]
  lower: [ 0.02817105 -0.10392995  0.57500005]
  left : [ 0.0158806  -0.0871294   0.57700002]
  right: [ 0.04855145 -0.08686159  0.56900001]

[LIP METRICS]
width : 0.032671  # 左右口角X差 [m]
height: 0.032238  # 上下唇Y差 [m]
depth : 0.009000  # max(Z_left, Z_right) - min(Z_upper, Z_lower) [m]
