pitch_label_deg: -20.0
camera_index: 0
points_cam0 (X,Y,Z in meters)
  upper: [ 0.02492574 -0.06863348  0.56600004]
  lower: [ 0.02698468 -0.0992587   0.57000005]
  left : [ 0.0148759  -0.0849271   0.57500005]
  right: [ 0.04719333 -0.08330241  0.56400001]

[LIP METRICS]
width : 0.032317  # 左右口角X差 [m]
height: 0.030625  # 上下唇Y差 [m]
depth : 0.009000  # max(Z_left, Z_right) - min(Z_upper, Z_lower) [m]
