pitch_label_deg: -20.0
camera_index: 0
points_cam0 (X,Y,Z in meters)
  upper: [-0.04300081 -0.12538721  0.61500001]
  lower: [-0.03708654 -0.14948638  0.61800003]
  left : [-0.04627258 -0.13518962  0.61800003]
  right: [-0.01439502 -0.13300209  0.60800004]

[LIP METRICS]
width : 0.031878  # 左右口角X差 [m]
height: 0.024099  # 上下唇Y差 [m]
depth : 0.003000  # max(Z_left, Z_right) - min(Z_upper, Z_lower) [m]
