pitch_label_deg: -20.0
camera_index: 0
points_cam0 (X,Y,Z in meters)
  upper: [-0.00626346 -0.0575659   0.51700002]
  lower: [-0.00545146 -0.0890041   0.52100003]
  left : [-0.01853467 -0.07334397  0.52600002]
  right: [ 0.01511227 -0.07222847  0.51800001]

[LIP METRICS]
width : 0.033647  # 左右口角X差 [m]
height: 0.031438  # 上下唇Y差 [m]
depth : 0.009000  # max(Z_left, Z_right) - min(Z_upper, Z_lower) [m]
