pitch_label_deg: 20.0
camera_index: 0
points_cam0 (X,Y,Z in meters)
  upper: [ 0.07182239 -0.04919428  0.48500001]
  lower: [ 0.07387859 -0.07691555  0.48800004]
  left : [ 0.04879342 -0.064687    0.48700002]
  right: [ 0.08625762 -0.06463181  0.49900001]

[LIP METRICS]
width : 0.037464  # 左右口角X差 [m]
height: 0.027721  # 上下唇Y差 [m]
depth : 0.014000  # max(Z_left, Z_right) - min(Z_upper, Z_lower) [m]
