pitch_label_deg: 40.0
camera_index: 2
points_cam0 (X,Y,Z in meters)
  upper: [ 0.10319247 -0.03011359  0.60617779]
  lower: [ 0.10640987 -0.05960204  0.60428368]
  left : [ 0.08371497 -0.04721491  0.59712521]
  right: [ 0.11661412 -0.04492008  0.61678971]

[LIP METRICS]
width : 0.032899  # 左右口角X差 [m]
height: 0.029488  # 上下唇Y差 [m]
depth : 0.012506  # max(Z_left, Z_right) - min(Z_upper, Z_lower) [m]
