pitch_label_deg: 20.0
camera_index: 0
points_cam0 (X,Y,Z in meters)
  upper: [ 0.06314272 -0.04492449  0.51900005]
  lower: [ 0.06560296 -0.08560874  0.53200001]
  left : [ 0.03552786 -0.0685175   0.52900004]
  right: [ 0.07757793 -0.063932    0.54200006]

[LIP METRICS]
width : 0.042050  # 左右口角X差 [m]
height: 0.040684  # 上下唇Y差 [m]
depth : 0.023000  # max(Z_left, Z_right) - min(Z_upper, Z_lower) [m]
