pitch_label_deg: 0.0
camera_index: 0
points_cam0 (X,Y,Z in meters)
  upper: [ 0.03983304 -0.04797984  0.50600004]
  lower: [ 0.04240669 -0.08917507  0.51700002]
  left : [ 0.01615274 -0.06960162  0.52400005]
  right: [ 0.06150487 -0.0700001   0.52700001]

[LIP METRICS]
width : 0.045352  # 左右口角X差 [m]
height: 0.041195  # 上下唇Y差 [m]
depth : 0.021000  # max(Z_left, Z_right) - min(Z_upper, Z_lower) [m]
