pitch_label_deg: -20.0
camera_index: 0
points_cam0 (X,Y,Z in meters)
  upper: [ 0.00391355 -0.04984834  0.50800002]
  lower: [ 0.00656979 -0.09123527  0.51900005]
  left : [-0.01261932 -0.0716778   0.53300005]
  right: [ 0.03136703 -0.06880465  0.51800001]

[LIP METRICS]
width : 0.043986  # 左右口角X差 [m]
height: 0.041387  # 上下唇Y差 [m]
depth : 0.025000  # max(Z_left, Z_right) - min(Z_upper, Z_lower) [m]
