pitch_label_deg: -40.0
camera_index: 2
points_cam0 (X,Y,Z in meters)
  upper: [ 0.09895197 -0.05664912  0.51678577]
  lower: [ 0.09942211 -0.08996586  0.52024323]
  left : [ 0.08088006 -0.0746169   0.50996207]
  right: [ 0.1056697  -0.07507636  0.52771989]

[LIP METRICS]
width : 0.024790  # 左右口角X差 [m]
height: 0.033317  # 上下唇Y差 [m]
depth : 0.010934  # max(Z_left, Z_right) - min(Z_upper, Z_lower) [m]
