pitch_label_deg: -20.0
camera_index: 0
points_cam0 (X,Y,Z in meters)
  upper: [ 0.05812036 -0.05791904  0.49800003]
  lower: [ 0.06348243 -0.09014099  0.50800002]
  left : [ 0.03943943 -0.07565308  0.50100005]
  right: [ 0.07271141 -0.07335239  0.50800002]

[LIP METRICS]
width : 0.033272  # 左右口角X差 [m]
height: 0.032222  # 上下唇Y差 [m]
depth : 0.010000  # max(Z_left, Z_right) - min(Z_upper, Z_lower) [m]
