pitch_label_deg: -20.0
camera_index: 0
points_cam0 (X,Y,Z in meters)
  upper: [ 0.06233852 -0.04126494  0.48600003]
  lower: [ 0.06635842 -0.07266805  0.49200001]
  left : [ 0.04058292 -0.06041422  0.48500001]
  right: [ 0.07516897 -0.05921377  0.50200003]

[LIP METRICS]
width : 0.034586  # 左右口角X差 [m]
height: 0.031403  # 上下唇Y差 [m]
depth : 0.016000  # max(Z_left, Z_right) - min(Z_upper, Z_lower) [m]
