pitch_label_deg: -40.0
camera_index: 2
points_cam0 (X,Y,Z in meters)
  upper: [ 0.092045   -0.04750652  0.49933608]
  lower: [ 0.09272649 -0.08318688  0.50706158]
  left : [ 0.07535151 -0.06579302  0.49544503]
  right: [ 0.10113515 -0.06416932  0.51266989]

[LIP METRICS]
width : 0.025784  # 左右口角X差 [m]
height: 0.035680  # 上下唇Y差 [m]
depth : 0.013334  # max(Z_left, Z_right) - min(Z_upper, Z_lower) [m]
