pitch_label_deg: 20.0
camera_index: 1
points_cam0 (X,Y,Z in meters)
  upper: [-3.62642219e-04 -5.56741414e-02  5.20782437e-01]
  lower: [ 0.00205388 -0.08970717  0.52217107]
  left : [-0.01707047 -0.07529943  0.53125335]
  right: [ 0.0157275  -0.07558046  0.51878568]

[LIP METRICS]
width : 0.032798  # 左右口角X差 [m]
height: 0.034033  # 上下唇Y差 [m]
depth : 0.010471  # max(Z_left, Z_right) - min(Z_upper, Z_lower) [m]
